  i                 xn1                              | f(xn1) |
  0    3.000000000000000e+00    9.861228866810978e-02
  1    3.059167373200866e+00    3.692745776079587e-03
  2    3.057106054691600e+00    4.476150597731987e-06
  i                 xn1                              | f(xn1) |
  0    2.000000000000000e+00    6.931471805599453e-01
  1    4.000000000000000e+00    2.613705638880109e+00
  2    2.419218645889003e+00    7.077003413730973e-01
  3    2.756039712206013e+00    4.421987159786218e-01
  4    3.317022504001122e+00    5.354807316593719e-01
  5    3.009768959371032e+00    8.222996682146211e-02
  6    3.050670709725762e+00    1.145253099628074e-02
  7    3.057289041659921e+00    3.315284194800316e-04
  8    3.057102843928875e+00    1.261809842834083e-06
  i                 xn1                              | f(xn1) |
  0    7.500000000000000e-01    3.357864376269049e-01
  1    6.883072460969516e-01    2.819126095597957e-02
  2    6.820480690939008e-01    3.223569164387818e-04
  3    6.819748188604164e-01    4.453119828440322e-08
  i                 xn1                              | f(xn1) |
  0    5.000000000000000e-01    5.000000000000000e-01
  1    1.000000000000000e+00    2.000000000000000e+00
  2    6.000000000000001e-01    3.021130325903070e-01
  3    6.524931709804664e-01    1.223535022158933e-01
  4    6.882226997487054e-01    2.781052374266890e-02
  5    6.816055562499178e-01    1.623411657736940e-03
  6    6.819705209666883e-01    1.886410134188665e-05
  7    6.819748117285146e-01    1.315406050750312e-08
  i                 xn1                              | f(xn1) |
  0    1.250000000000000e+00    9.201937500000028e-01
  1    1.042046610169491e+00    5.088145931496086e-01
  2    1.095070234545689e+00    3.969336566746762e-02
  3    1.099959957849027e+00    3.197979590012778e-04
  4    1.099999997327961e+00    2.133891285893696e-08
  i                 xn1                              | f(xn1) |
  0    2.160000000000000e+00    1.082726399999885e-01
  1    2.199400753425052e+00    1.595628415664407e-03
  2    2.199999837218690e+00    4.333238550202623e-07
  i                 xn1                              | f(xn1) |
  0    3.420000000000000e+00    3.328550399999628e-01
  1    3.303227113773005e+00    8.603104076250645e-03
  2    3.300004664519575e+00    1.241697736276137e-05
  3    3.300000000009917e+00    2.639666263348772e-11
  i                 xn1                              | f(xn1) |
  0    4.220000000000000e+00    1.043677439999890e+00
  1    4.493744853894648e+00    8.711305502691360e-01
  2    4.412015995526431e+00    9.789296460457564e-02
  3    4.400234056965293e+00    1.869908166845846e-03
  4    4.400000091254408e+00    7.287577048487037e-07
  i                 xn1                              | f(xn1) |
  0    2.600000000000000e+00    4.448855497256365e-02
  1    2.715670242928665e+00    9.612104402638710e-04
  2    2.718280573518483e+00    4.616669394552630e-07
  i                 xn1                              | f(xn1) |
  0    2.599999904632568e+00    4.448860883712769e-02
  1    2.715670347213745e+00    9.611845016479492e-04
  2    2.718280553817749e+00    4.768371582031250e-07
