100 0.010101
0.000000 0.275060
0.010101 0.293394
0.020202 0.319711
0.030303 0.349501
0.040404 0.383884
0.050505 0.431843
0.060606 0.497548
0.070707 0.606989
0.080808 0.755124
0.090909 0.931778
0.101010 1.047923
0.111111 1.166110
0.121212 1.289578
0.131313 1.377733
0.141414 1.457703
0.151515 1.511110
0.161616 1.552532
0.171717 1.582974
0.181818 1.604274
0.191919 1.602305
0.202020 1.579300
0.212121 1.539779
0.222222 1.484415
0.232323 1.408182
0.242424 1.321023
0.252525 1.226141
0.262626 1.124281
0.272727 1.038875
0.282828 0.973360
0.292929 0.910237
0.303030 0.851914
0.313131 0.782369
0.323232 0.718708
0.333333 0.666554
0.343434 0.626390
0.353535 0.591557
0.363636 0.565585
0.373737 0.552349
0.383838 0.542309
0.393939 0.534882
0.404040 0.529481
0.414141 0.525053
0.424242 0.523631
0.434343 0.528380
0.444444 0.534834
0.454545 0.541083
0.464646 0.548686
0.474747 0.557284
0.484848 0.566521
0.494949 0.576622
0.505051 0.588600
0.515152 0.601378
0.525253 0.616802
0.535354 0.637349
0.545455 0.669237
0.555556 0.706363
0.565657 0.744515
0.575758 0.788932
0.585859 0.836594
0.595960 0.884084
0.606061 0.933065
0.616162 0.985717
0.626263 1.041399
0.636364 1.102307
0.646465 1.160406
0.656566 1.226904
0.666667 1.315407
0.676768 1.444695
0.686869 1.582358
0.696970 1.766257
0.707071 1.900281
0.717172 2.004178
0.727273 2.033792
0.737374 2.058620
0.747475 2.077566
0.757576 2.089535
0.767677 2.093349
0.777778 2.079561
0.787879 2.044667
0.797980 1.980828
0.808081 1.861067
0.818182 1.734421
0.828283 1.593103
0.838384 1.439141
0.848485 1.295148
0.858586 1.164912
0.868687 1.042400
0.878788 0.941639
0.888889 0.826425
0.898990 0.693817
0.909091 0.581923
0.919192 0.488742
0.929293 0.410350
0.939394 0.346850
0.949495 0.298627
0.959596 0.261153
0.969697 0.226197
0.979798 0.194091
0.989899 0.164165
1.000000 0.143510
