100 5.636364
15.000000 46.000000
20.636364 49.066055
26.272728 53.467148
31.909090 58.449215
37.545456 64.199188
43.181816 72.219772
48.818180 83.207939
54.454544 101.510490
60.090908 126.284004
65.727272 155.826874
71.363632 175.250504
77.000000 195.015625
82.636360 215.663971
88.272728 230.406754
93.909088 243.780609
99.545456 252.712158
105.181816 259.639374
110.818176 264.730438
116.454544 268.292572
122.090904 267.963226
127.727272 264.116058
133.363632 257.506653
139.000000 248.247818
144.636368 235.498886
150.272720 220.922806
155.909088 205.055115
161.545456 188.020340
167.181808 173.737457
172.818176 162.780945
178.454544 152.224426
184.090912 142.470795
189.727264 130.840408
195.363632 120.193954
201.000000 111.471886
206.636353 104.755104
212.272720 98.929695
217.909088 94.586288
223.545456 92.372665
229.181808 90.693710
234.818176 89.451538
240.454544 88.548279
246.090897 87.807884
251.727264 87.570030
257.363617 88.364182
263.000000 89.443497
268.636353 90.488663
274.272736 91.760056
279.909088 93.197990
285.545441 94.742790
291.181824 96.431953
296.818176 98.435181
302.454529 100.572052
308.090912 103.151611
313.727264 106.587822
319.363617 111.920525
325.000000 118.129456
330.636353 124.509758
336.272705 131.937973
341.909088 139.908722
347.545441 147.850815
353.181824 156.042191
358.818176 164.847473
364.454529 174.159439
370.090912 184.345474
375.727264 194.061829
381.363617 205.182724
387.000000 219.983475
392.636353 241.605103
398.272705 264.627319
403.909088 295.381989
409.545441 317.795624
415.181824 335.170990
420.818176 340.123413
426.454529 344.275574
432.090912 347.444122
437.727264 349.445709
443.363617 350.083557
449.000000 347.777771
454.636353 341.942169
460.272705 331.265961
465.909088 311.237671
471.545441 290.057892
477.181793 266.424347
482.818176 240.676300
488.454529 216.595459
494.090912 194.815277
499.727264 174.326859
505.363617 157.475983
511.000000 138.208160
516.636353 116.031258
522.272705 97.318527
527.909058 81.735260
533.545471 68.625336
539.181824 58.005859
544.818176 49.941189
550.454529 43.674271
556.090881 37.828365
561.727234 32.459106
567.363647 27.454275
573.000000 24.000006
